1 0 0 0 0 0 -0.4082482904638631 0 0 0 0 0 0 0 0 0 0 0
0 1 -0.2886751345948129 0 0 -0.2886751345948129 -0.23570226039551587 0 0 0 0 0 0 0 0 0 0 0
0 -0.2886751345948129 1 -0.22360679774997896 0 0 -0.20412414523193154 -0.35355339059327373 0 0 0 0 0 0 0 0 0 0
0 0 -0.22360679774997896 1 -0.31622776601683794 -0.22360679774997896 -0.18257418583505536 -0.31622776601683794 0 0 0 0 0 0 0 0 0 0
0 0 0 -0.31622776601683794 1 0 -0.2886751345948129 0 0 0 0 0 0 0 0 0 0 0
0 -0.2886751345948129 0 -0.22360679774997896 0 1 -0.20412414523193154 0 0 0 0 0 0 0 0 0 0 -0.2886751345948129
-0.4082482904638631 -0.23570226039551587 -0.20412414523193154 -0.18257418583505536 -0.2886751345948129 -0.20412414523193154 1 0 0 0 0 0 0 0 0 0 0 0
0 0 -0.35355339059327373 -0.31622776601683794 0 0 0 1 0 0 0 0 0 0 0 0 0 0
0 0 0 0 0 0 0 0 1 -0.31622776601683794 -0.25 0 0 0 0 0 0 0
0 0 0 0 0 0 0 0 -0.31622776601683794 1 -0.15811388300841897 0 -0.22360679774997896 0 0 0 -0.31622776601683794 -0.2581988897471611
0 0 0 0 0 0 0 0 -0.25 -0.15811388300841897 1 -0.25 -0.17677669529663687 -0.20412414523193154 -0.35355339059327373 0 -0.25 -0.20412414523193154
0 0 0 0 0 0 0 0 0 0 -0.25 1 -0.35355339059327373 0 0 0 0 0
0 0 0 0 0 0 0 0 0 -0.22360679774997896 -0.17677669529663687 -0.35355339059327373 1 -0.2886751345948129 0 0 0 0
0 0 0 0 0 0 0 0 0 0 -0.20412414523193154 0 -0.2886751345948129 1 0 -0.5773502691896258 0 0
0 0 0 0 0 0 0 0 0 0 -0.35355339059327373 0 0 0 1 0 0 0
0 0 0 0 0 0 0 0 0 0 0 0 0 -0.5773502691896258 0 1 0 0
0 0 0 0 0 0 0 0 0 -0.31622776601683794 -0.25 0 0 0 0 0 1 0
0 0 0 0 0 -0.2886751345948129 0 0 0 -0.2581988897471611 -0.20412414523193154 0 0 0 0 0 0 1
